procs -----------memory---------- ---swap-- -----io---- -system-- ------cpu-----
 r  b   swpd   free   buff  cache   si   so    bi    bo   in   cs us sy id wa st
 0  0      0 51405508 179484 10922880    0    0     0    15    0    0  1  1 98  0  0
 0  0      0 51405344 179484 10922968    0    0     0     0 3758 5588  0  0 99  0  0
 0  0      2 51405236 179484 10923012    0    0     0     5 4438 6339  1  0 99  0  0
 1  0      2 51403920 179484 10923064    8    0     0   143 4628 6033  0  0 99  0  0
 0  2      2 51400952 179484 10926088    8    0     0  3334 4625 6104  1  0 99  0  0
 0  2      2 51402312 179484 10923168    8    0     0     0 4177 5561  1  0 99  0  0
 0  2      2 51404268 179484 10923220    8    0     0     0 4440 5911  0  0 99  0  0
 0  2      2 51404592 179484 10923268    8    0     0     0 4266 6163  0  0 99  0  0
 0  2      5 51404360 179484 10923332    4    0     0  1295 3960 5845  0  0 99  0  0
 0  2      5 51404224 179484 10923344    4    0     0     1 4019 5832  1  0 99  0  0
 0  2      5 51404508 179484 10923392    4    0     0     0 4272 5799  1  1 99  0  0
 0  2      5 51404032 179484 10923448    4    0     0     0 4432 5948  1  1 99  0  0
 0  2      5 51404192 179484 10923492    4    0     0     0 3893 5779  0  0 99  0  0
 0  4      5 51403880 179484 10923528    4    0     0    94 3842 5671  0  0 99  0  0
 0  4      5 51403976 179484 10923560    4    0     0   565 3667 5458  0  0 99  0  0
 0  4      5 51404040 179484 10923624    4    0     0     1 4248 5626  1  1 99  0  0
 0  4      5 51404072 179484 10923672    4    0     0     0 3867 5698  0  0 99  0  0
 0  4      0 51403372 179484 10923736    0    0     0     5 4533 6445  1  0 99  0  0
 0  0      0 51404272 179484 10923780    0    0     0   119 3942 5870  1  0 99  0  0
 0  0      0 51404040 179484 10923820    0    0     0     0 4116 5989  1  0 99  0  0
 0  0      0 51403020 179484 10923852    0    0     0     0 3874 5820  1  0 99  0  0
procs -----------memory---------- ---swap-- -----io---- -system-- ------cpu-----
 r  b   swpd   free   buff  cache   si   so    bi    bo   in   cs us sy id wa st
 0  0      0 51402408 179484 10923900    0    0     0     0 3978 5815  1  0 99  0  0
 0  0      0 51400836 179484 10925352    0    0     0     5 4673 6236  1  0 99  0  0
 0  0      0 51402544 179484 10924008    0    0     0   107 4417 5956  1  1 99  0  0
 0  0      0 51402464 179484 10924052    2    0     0   609 4464 6464  1  0 99  0  0
 0  0      0 51403676 179484 10924096    2    0     0     1 3979 5656  0  1 99  0  0
 0  0      0 51403464 179484 10924140    2    0     0     0 4312 5853  0  0 99  0  0
 0  0      0 51403308 179484 10924200    2    0     0     5 4406 6330  0  1 99  0  0
 0  0      0 51403280 179484 10924264    2    0     0   147 4286 6001  0  0 99  0  0
 0  0      0 51402200 179484 10924316    2    0     0   377 4285 6050  1  1 99  0  0
 0  0      0 51402488 179484 10924356    1    0     0     1 3955 5737  0  0 100  0  0
 0  0      0 51402504 179484 10924396    1    0     0     0 4175 5839  0  1 99  0  0
 0  0      0 51402792 179484 10924456    1    0     7     5 4496 6095  1  1 99  0  0
 0  0      0 51403212 179484 10924500    1    0     7   135 4394 6081  0  0 99  0  0
 0  0      0 51401864 179484 10924556    1    0     7   349 4575 6016  1  0 99  0  0
 0  0      0 51402200 179484 10924604    1    0     7    35 4412 5983  0  0 99  0  0
 0  0      0 51402200 179484 10924648    1    0     7     0 3759 5577  0  0 99  0  0
 0  0      0 51402640 179484 10924700    1    0     7     5 4306 6347  0  1 99  0  0
 0  0      0 51403312 179484 10924748    1    0     7  1327 4164 5915  0  0 99  0  0
 0  0      0 51402996 179484 10924808    0    0     7   401 4306 5998  1  0 99  0  0
 0  0      0 51402152 179484 10924872    0    0     7     1 4262 6121  1  1 99  0  0
 1  0      0 51401816 179484 10925188    0    0     0     0 4270 5973  0  1 99  0  0
procs -----------memory---------- ---swap-- -----io---- -system-- ------cpu-----
 r  b   swpd   free   buff  cache   si   so    bi    bo   in   cs us sy id wa st
 0  0      0 51402744 179484 10924960    0    0     0     0 4391 5891  0  0 100  0  0
 0  0      0 51402720 179484 10925020    0    0     0   128 4249 5780  0  0 99  0  0
 0  0      0 51402424 179484 10925048    0    0     0   345 3719 5603  0  0 99  0  0
 0  0      0 51402424 179484 10925104    0    0     0     1 4066 5729  1  0 99  0  0
 0  0      0 51402176 179484 10925144    0    0     0     0 3678 5430  0  0 99  0  0
 0  0      0 51402300 179484 10925188    0    0     6     5 3930 6121  0  0 99  0  0
 0  0      0 51402328 179484 10925776    0    0     6   147 4249 6081  0  0 99  0  0
 0  0      0 51402008 179484 10925284    0    0     6   365 4665 6328  1  0 99  0  0
 0  0      0 51400972 179484 10925336    0    0     6     1 4378 6076  1  0 99  0  0
 0  0      0 51401496 179484 10925388    0    0     6     0 3793 5486  0  0 99  0  0
 0  0      0 51401540 179484 10925432    0    0     2     5 4174 5956  1  0 99  0  0
 0  0      0 51401436 179484 10925476    0    1     2   139 4149 5898  1  1 99  0  0
 0  0      0 51401452 179484 10925528    0    1     2   361 4166 5935  1  0 99  0  0
 0  0      0 51401292 179484 10925572    0    1     2     1 4371 5912  0  1 99  0  0
 0  0      0 51401452 179484 10925628    0    1     2     0 3980 5631  0  0 99  0  0
 2  0      0 51401972 179484 10925676    0    1     2     5 4391 6258  1  0 99  0  0
 0  0      0 51401504 179484 10925736    0    1     2   151 4751 6446  1  0 99  0  0
 0  0      0 51401252 179484 10925796    0    1     2     0 4412 6268  1  0 99  0  0
 0  0      0 51401252 179484 10925840    0    1     2     0 4061 5660  0  1 99  0  0
 0  0      0 51401296 179484 10925892    0    1     0     0 4159 5689  0  0 99  0  0
 0  0      0 51401212 179484 10925936    0    0     0     0 4545 6154  1  0 99  0  0
procs -----------memory---------- ---swap-- -----io---- -system-- ------cpu-----
 r  b   swpd   free   buff  cache   si   so    bi    bo   in   cs us sy id wa st
 0  0      0 51400896 179484 10926060    0    0     0   108 4437 6029  0  0 99  0  0
 0  0      0 51397728 179484 10929008    0    0     0  3613 4968 6415  1  0 99  0  0
 1  0      0 51398932 179484 10926080    0    0     0     1 4516 5863  0  1 99  0  0
 1  0      0 51400708 179484 10926136    0    0     0     0 4369 5857  0  0 99  0  0
 0  0      0 51400676 179484 10926188    0    0     0     0 3934 5752  0  0 99  0  0
 0  0      0 51400940 179484 10926248    0    0     0  1352 4134 6393  1  1 99  0  0
 0  0      0 51401396 179484 10926292    0    0     0     0 3680 5829  1  0 99  0  0
 0  0      0 51401452 179484 10926336    0    0     0     0 4080 5731  0  1 99  0  0
 0  0      0 51401452 179484 10926380    0    0     0     0 3865 5748  0  0 99  0  0
 1  0      0 51402244 179484 10926420    0    0     0     5 3920 5892  0  0 99  0  0
 0  0      0 51401396 179484 10926484    0    0     0    87 4418 6062  0  0 99  0  0
 0  0      0 51401204 179484 10926532    0    0     0   649 4286 5842  0  0 99  0  0
 0  0      0 51401196 179484 10926576    0    0     0     1 4037 5729  0  0 99  0  0
 0  0      0 51401072 179484 10926616    0    0     0     0 4048 5751  0  0 99  0  0
 0  0      0 51401072 179484 10926660    0    0     0     5 3730 5654  0  0 99  0  0
 1  0      0 51400480 179484 10926708    0    0     0   139 4181 6181  1  0 99  0  0
 0  0      0 51400612 179484 10926764    0    0     0   353 4520 6354  1  0 99  0  0
 0  0      0 51400892 179484 10926808    0    0     0     1 4523 6443  0  1 99  0  0
 0  0      0 51406872 179484 10926868    0    0     0     0 4564 6272  1  0 99  0  0
 0  0      0 51407104 179484 10926908    0    0     0     5 3895 5741  1  0 99  0  0
 0  0      0 51407104 179484 10926948    0    0     0   115 4035 5812  0  0 99  0  0
procs -----------memory---------- ---swap-- -----io---- -system-- ------cpu-----
 r  b   swpd   free   buff  cache   si   so    bi    bo   in   cs us sy id wa st
 0  0      0 51407228 179484 10927012    0    0     0     0 4707 6730  0  0 99  0  0
 0  0      0 51407332 179484 10927068    0    0     0     0 4566 5990  0  0 99  0  0
 0  0      0 51407332 179484 10927112    0    0     0     0 3720 5528  1  0 99  0  0
 0  0      0 51407172 179484 10927168    0    0     0     5 4182 5789  1  0 99  0  0
 0  0      0 51406972 179484 10927216    0    0     0    83 4348 6358  1  0 99  0  0
 0  0      0 51405824 179484 10927256    0    0     0   593 4137 6090  1  1 99  0  0
 0  0      0 51405956 179484 10927308    0    0     0     1 4043 5741  0  0 99  0  0
 0  0      0 51405804 179484 10927360    0    0     0     0 3849 5556  0  0 99  0  0
 1  0      0 51405804 179484 10927400    0    0     0     5 3971 5695  1  0 99  0  0
 0  0      0 51405804 179484 10927444    0    0     0   159 3798 5598  0  0 99  0  0
 0  0      0 51405804 179484 10927488    0    0     0     0 3878 5699  0  0 99  0  0
 0  0      0 51405804 179484 10927536    0    0     0    38 4177 5893  0  0 99  0  0
 0  0      0 51406016 179484 10927608    0    0     0     0 4578 6221  0  1 99  0  0
 1  0      0 51405400 179484 10927648    0    0     0     5 4170 5940  1  0 99  0  0
 0  0      0 51406304 179484 10927724    0    0     0  1263 4320 6412  1  0 99  0  0
 1  0      0 51405148 179484 10927744    0    0     0   629 4032 6080  1  0 99  0  0
 1  0      0 51402052 179484 10927808    0    0     0     1 3992 5931  1  0 99  0  0
 1  0      0 51404384 179484 10927848    0    0     0     0 4256 6058  1  1 99  0  0
 0  0      0 51405136 179484 10927900    0    0     0     5 4292 5800  1  0 99  0  0
 1  0      0 51404888 179484 10927956    0    0     0   159 4379 6027  0  0 99  0  0
 0  0      0 51405536 179484 10927996    0    0     0   389 4252 5908  0  0 99  0  0
procs -----------memory---------- ---swap-- -----io---- -system-- ------cpu-----
 r  b   swpd   free   buff  cache   si   so    bi    bo   in   cs us sy id wa st
 1  0      0 51405352 179484 10928052    0    0     0     1 4116 5833  1  0 99  0  0
 1  0      0 51405012 179484 10928108    0    0     0     0 4358 5994  0  0 99  0  0
 1  0      0 51405632 179484 10928152    0    0     0     0 4214 5952  0  0 99  0  0
 0  0      0 51404600 179484 10928256    0    0     0   156 4226 6135  1  1 99  0  0
 0  0      0 51404880 179484 10928252    0    0     0   381 4160 6002  1  0 99  0  0
 0  0      0 51404604 179484 10928300    0    0     0     1 4357 6063  1  0 99  0  0
 1  0      0 51404796 179484 10928348    0    0     0     0 4002 5875  0  0 99  0  0
 0  0      0 51405708 179484 10928392    0    0     0     5 4040 5953  0  0 99  0  0
 0  0      0 51405388 179484 10928448    0    0     0   131 4078 5926  1  1 99  0  0
 0  0      0 51405420 179484 10928500    0    0     0     0 4007 5768  0  0 99  0  0
 0  0      0 51405048 179484 10928592    0    0     0     0 4248 5805  0  1 99  0  0
 0  0      0 51404924 179484 10928648    0    0     0     0 4026 5883  1  0 99  0  0
 0  0      0 51404924 179484 10928700    0    0     0     5 4714 6240  1  0 99  0  0
 0  0      0 51404608 179484 10928756    0    0     0   115 5073 6761  1  0 99  0  0
 0  0      0 51404740 179484 10928808    0    0     0   693 4490 6245  1  1 99  0  0
 0  0      0 51404624 179484 10928852    0    0     0     1 3974 5639  0  0 99  0  0
 1  0      0 51405396 179484 10928900    0    0     0     0 4035 5798  0  0 99  0  0
 0  0      0 51405492 179484 10928956    0    0     0     5 4412 6155  0  1 99  0  0
 0  0      0 51404680 179484 10929068    0    0     0   175 4574 6117  1  0 99  0  0
 0  0      0 51402356 179484 10931944    0    0     0     0 4777 6220  1  0 99  0  0
 0  0      0 51402672 179484 10929108    0    0     0  3346 4914 6123  0  0 99  0  0
procs -----------memory---------- ---swap-- -----io---- -system-- ------cpu-----
 r  b   swpd   free   buff  cache   si   so    bi    bo   in   cs us sy id wa st
 0  0      0 51405228 179484 10929164    0    0     0     0 4857 6206  1  0 99  0  0
 0  0      0 51405012 179484 10929320    0    0     0     5 4620 6187  1  0 99  0  0
 0  0      0 51405416 179484 10929376    0    0     0  1326 4222 6290  0  1 99  0  0
 0  0      0 51404940 179484 10929432    0    0     0     1 4104 5999  1  1 99  0  0
 0  0      0 51405360 179484 10929472    0    0     0     0 3889 5661  1  0 99  0  0
 0  0      0 51401356 179484 10929628    0    0     0     0 8937 10416  0  1 99  0  0
 0  0      0 51403964 179484 10929588    0    0     0     5 4851 6262  0  1 99  0  0
 0  0      0 51403788 179484 10929552    0    0     0   110 4134 5797  1  0 99  0  0
 0  0      0 51403788 179484 10929608    0    0     0     1 4476 6196  0  1 99  0  0
 0  0      0 51403788 179484 10929664    0    0     0     0 4997 6430  0  0 99  0  0
 0  0      0 51403788 179484 10929724    0    0     0     0 4459 6034  0  0 99  0  0
 0  0      0 51403788 179484 10929768    0    0     0     5 4202 5995  1  0 99  0  0
 0  0      0 51403508 179484 10929808    0    0     0    82 4507 6539  1  0 99  0  0
 0  0      0 51403920 179484 10929860    0    0     0     1 4496 5977  0  0 99  0  0
 0  0      0 51404292 179484 10929912    0    0     0   966 4743 6541  1  1 99  0  0
 0  0      0 51403164 179484 10929968    0    0     0     0 4044 5971  1  0 99  0  0
 0  0      0 51403164 179484 10930008    0    0     0     5 4150 5929  0  0 99  0  0
 0  0      0 51403100 179484 10930064    0    0     0   174 4109 5880  0  1 99  0  0
 0  0      0 51403356 179484 10930120    0    0     0     1 4736 6627  1  0 99  0  0
 0  0      0 51403232 179484 10930180    0    0     0   406 4263 5979  0  0 99  0  0
 0  0      0 51403360 179484 10930232    0    0     0     0 4205 5832  0  0 99  0  0
procs -----------memory---------- ---swap-- -----io---- -system-- ------cpu-----
 r  b   swpd   free   buff  cache   si   so    bi    bo   in   cs us sy id wa st
 0  0      0 51403392 179484 10930280    0    0     0     0 3945 5681  0  1 99  0  0
 0  0      0 51403200 179484 10930340    0    0     0   131 4183 6174  0  1 99  0  0
 0  0      0 51404580 179484 10930388    0    0     0     1 4521 6180  0  0 99  0  0
 1  0      0 51403720 179484 10930432    0    0     0     0 4274 6205  1  0 99  0  0
 0  0      0 51403720 179484 10930480    0    0     0     0 4263 5870  1  0 99  0  0
 0  0      0 51403472 179484 10930536    0    0     0     5 4282 6013  1  1 99  0  0
 3  0      0 51403472 179484 10930584    0    0     0   102 4154 5905  0  0 99  0  0
 0  0      0 51403480 179484 10930636    0    0     0     1 3805 5755  0  0 100  0  0
 0  0      0 51403472 179484 10930684    0    0     0   676 4040 5893  1  0 99  0  0
 0  0      0 51403456 179484 10930732    0    0     0     0 4188 5858  0  1 99  0  0
 0  0      0 51402736 179484 10930784    0    0     0     5 4431 6010  0  0 99  0  0
 0  0      0 51402784 179484 10930856    0    0     0  1334 4495 6394  1  0 99  0  0
 0  0      0 51402772 179484 10930872    0    0     0     1 3738 5506  0  0 99  0  0
 0  0      0 51401524 179484 10930936    0    0     0   414 4189 6307  1  1 99  0  0
 0  0      0 51400604 179484 10931252    0    0     0     0 4272 5781  0  1 99  0  0
 0  0      0 51401244 179484 10931032    0    0     0     5 4760 6029  1  0 99  0  0
 0  0      0 51401276 179484 10931076    0    0     0   134 4288 5836  1  0 99  0  0
 0  0      0 51402560 179484 10931132    0    0     0     1 4135 5763  1  0 99  0  0
 0  0      0 51401968 179484 10931504    0    0     0   374 4299 5822  1  0 99  0  0
 0  0      0 51402064 179484 10931252    0    0     0     0 4046 5832  1  0 99  0  0
 0  0      0 51401940 179484 10931300    0    0     0     5 5272 12042  2  0 97  0  0
procs -----------memory---------- ---swap-- -----io---- -system-- ------cpu-----
 r  b   swpd   free   buff  cache   si   so    bi    bo   in   cs us sy id wa st
 0  0      0 51401072 179484 10931860    0    0     0   158 4361 6437  1  0 99  0  0
 0  0      0 51401888 179484 10931400    0    0     0     1 4414 5907  0  0 99  0  0
 0  0      0 51401236 179484 10931456    0    0     0   398 4255 6369  1  0 99  0  0
 0  0      0 51401252 179484 10931504    0    0     0     0 3679 5348  0  0 99  0  0
 0  0      0 51401760 179484 10931556    0    0     0     5 3909 5998  0  0 99  0  0
 0  0      0 51400700 179484 10931608    0    0     0   122 4383 6110  0  0 99  0  0
 0  0      0 51401008 179484 10931648    0    0     0     1 3806 5645  0  0 99  0  0
 0  0      0 51400876 179484 10931700    0    0     0   366 4466 5995  0  0 99  0  0
 0  0      0 51400908 179484 10931756    0    0     0     0 4117 5733  0  0 100  0  0
 0  0      0 51400844 179484 10931804    0    0     0     5 4361 6096  1  0 99  0  0
 0  0      0 51400528 179484 10931860    0    0     0   170 4995 6580  1  1 99  0  0
 0  0      0 51400724 179484 10931912    0    0     0     1 4158 5739  0  0 99  0  0
 0  0      0 51401440 179484 10931968    0    0     0     0 4276 6211  0  1 99  0  0
 0  0      0 51401120 179484 10932016    0    0     0  1045 6539 9866  1  1 99  0  0
 0  0      0 51401272 179484 10932064    0    0     0  1936 6789 11586  0  0 99  0  0
 1  0      0 51400476 179484 10932172    0    0     0   890 5106 8119  1  1 99  0  0
 0  0      0 51398060 179484 10935064    0    0     0     5 4695 6143  1  0 99  0  0
 0  0      0 51397752 179484 10932276    0    0     0     0 4333 5887  1  0 99  0  0
 0  0      0 51400652 179484 10932264    0    0     0     0 4973 6186  1  0 99  0  0
 1  0      0 51401568 179484 10932320    0    0     0  1161 5880 9150  1  0 99  0  0
 0  0      0 51401528 179484 10932376    0    0     0  3076 7272 11963  1  1 99  0  0
procs -----------memory---------- ---swap-- -----io---- -system-- ------cpu-----
 r  b   swpd   free   buff  cache   si   so    bi    bo   in   cs us sy id wa st
 0  0      0 51401520 179484 10932420    0    0     0   801 5170 7872  0  0 99  0  0
 1  0      0 51401008 179484 10932476    0    0     0     0 4325 6260  1  0 99  0  0
 0  0      0 51400852 179484 10932520    0    0     0     0 3805 5549  0  0 99  0  0
 0  0      0 51400772 179484 10932860    0    0     0     5 4390 6001  0  0 99  0  0
 0  0      0 51401140 179484 10932616    0    0     0     1 4167 5772  1  0 99  0  0
 1  0      0 51401172 179484 10932660    0    0     0   114 3744 5681  0  0 99  0  0
 0  0      0 51401824 179484 10932704    0    0     0     0 4246 5971  0  0 99  0  0
 0  0      0 51401328 179484 10932756    0    0     0     0 4002 5857  0  0 99  0  0
 0  0      0 51401200 179484 10932800    0    0     0     5 4196 5914  0  0 99  0  0
 0  0      0 51400856 179484 10932840    0    0     0     1 4000 5862  1  0 99  0  0
 0  0      0 51400732 179484 10932896    0    0     0    86 4098 5779  0  1 99  0  0
 0  0      0 51401196 179484 10932940    0    0     0  1726 4604 6468  1  0 99  0  0
 0  0      0 51400572 179484 10932988    0    0     0     0 4034 5925  1  0 99  0  0
 0  0      0 51401776 179484 10933028    0    0     0     5 4347 6322  1  1 99  0  0
 0  0      0 51401512 179484 10933084    0    0     0     1 3991 5665  0  0 99  0  0
 0  0      0 51400644 179484 10933128    0    0     0   162 4520 6720  0  0 100  0  0
 0  0      0 51400716 179484 10933172    0    0     0     0 4416 5917  1  0 99  0  0
 0  0      0 51400592 179484 10933236    0    0     0     0 4094 5705  0  0 99  0  0
 0  0      0 51400592 179484 10933280    0    0     0     5 4067 5938  0  0 99  0  0
 0  0      0 51400396 179484 10933320    0    0     0     1 4131 6098  1  0 99  0  0
 0  0      0 51400396 179484 10933368    0    0     0    86 4254 5903  0  0 99  0  0
procs -----------memory---------- ---swap-- -----io---- -system-- ------cpu-----
 r  b   swpd   free   buff  cache   si   so    bi    bo   in   cs us sy id wa st
 0  0      0 51400156 179484 10933416    0    0     0   622 4664 6508  1  1 99  0  0
 1  0      0 51401252 179484 10933472    0    0     0     0 4765 7251  1  0 99  0  0
 0  0      0 51400696 179484 10933524    0    0     0     5 4485 6284  0  0 99  0  0
 0  0      0 51400696 179484 10933572    0    0     0     1 4220 6093  1  1 99  0  0
 0  0      0 51400632 179484 10933616    0    0     0   158 4324 5966  0  0 99  0  0
 0  0      0 51400344 179484 10933708    0    0     0    34 4301 5882  1  0 99  0  0
 0  0      0 51400664 179484 10933708    0    0     0     0 4493 6068  0  0 99  0  0
 1  0      0 51400664 179484 10933772    0    0     0     5 4331 6175  0  0 99  0  0
 0  0      0 51399944 179484 10933852    0    0     0  1169 4690 6747  1  0 99  0  0
 0  0      0 51401148 179484 10933884    0    0     0   106 4228 6267  0  0 99  0  0
 0  0      0 51399224 179484 10933940    0    0     0   682 4179 6316  1  1 99  0  0
 0  0      0 51398492 179484 10933984    0    0     0     0 4613 6156  1  0 99  0  0
 0  0      0 51399224 179484 10934020    0    0     0     5 4140 5719  0  0 100  0  0
 0  0      0 51399160 179484 10934072    0    0     0     1 3969 5772  0  0 99  0  0
 0  0      0 51399320 179484 10934116    0    0     0   158 4023 5760  0  0 99  0  0
 0  0      0 51399320 179484 10934160    0    0     0   390 4103 5795  1  0 99  0  0
 0  0      0 51399124 179484 10934212    0    0     0     0 4336 6087  0  1 99  0  0
 0  0      0 51398940 179484 10934272    0    0     0     5 4110 5936  0  0 99  0  0
 0  0      0 51398008 179484 10934372    0    0     0     1 4186 6194  1  1 99  0  0
 0  0      0 51398632 179484 10934360    0    0     0   138 4326 5890  1  0 99  0  0
 2  0      0 51398280 179484 10934412    0    0     0   366 4293 6496  1  1 99  0  0
procs -----------memory---------- ---swap-- -----io---- -system-- ------cpu-----
 r  b   swpd   free   buff  cache   si   so    bi    bo   in   cs us sy id wa st
 1  0      0 51398132 179484 10934452    0    0     0     0 3844 5594  0  0 99  0  0
 1  0      0 51398132 179484 10934508    0    0     0     5 4259 6056  1  0 99  0  0
 0  0      0 51397796 179484 10934552    0    0     0     1 3918 5913  0  0 99  0  0
 0  0      0 51398504 179484 10934596    0    0     0   130 4105 6051  0  1 99  0  0
 0  0      0 51398148 179484 10934656    0    0     0   350 4501 6126  0  0 99  0  0
 0  0      0 51398436 179484 10934716    0    0     0     0 4406 6123  0  0 99  0  0
 0  0      0 51398312 179484 10934756    0    0     0     5 4443 6051  0  0 99  0  0